COM ***************************************;
COM     BASE2.PAR ;
COM     at assoluto: 0 = 162.42;
COM     durata modulo = 63.19;
COM ***************************************;
COM ;
COM ;
COM :
COM ;
CTL 0 100 0;
CTL 0 4 22050;
INS 0 30;
COM inviluppo audio;
SET P11;
OSC P5 P10 B3 F2 P19;
COM picco di deviazione;
SET P12;
OSC P9 P10 B4 F2 P20;
AD2 P8 B4 B4;
COM modulante;
SET P18;
OSC B4 P7 B4 F1 P16;
COM portante;
AD2 P6 B4 B4;
SET P17;
OSC B3 B4 B3 F1 P15;
COM balance;
MLT P13 B3 B4;
MLT P14 B3 B3;
STR B4 B3 B1;
COM ;
COM ; 
COM conversioni;
COM ;
COM ampiezza in DB; PLS 0 1 30 205;
COM frequenza in HZ; PLS 0 1 30 6;
COM modulazione di frequenza; PLS 0 1 30 30107;
COM durata inviluppi; PLS 0 1 30 110;
COM ;
COM carry automatico in G(2604);
SV2 0 3930 2604;
COM nota default;  
SV2 0 2604 16 60 440 5 1 0 3 0 0 5 1 0 127 ;
COM ;
COM forme d'onda;
COM ;
COM forma d'onda audio default, F1;
GEN 0 2 1 4096 1 1;
COM funzione inviluppo default, F2;
GEN 0 1 2 4096 1,1 .6,256 .4,3200 0,4096; 
COM ;
COM ;
COM P7  = Frequenza portante;
COM P8  = Frequenza modulante;
COM P9  = Indice di modulazione minimo;
COM P10 = Indice di modulazione massimo; 
COM P11 = Inviluppo di ampiezza; 
COM P12 = Inviluppo indice di modulazione;                           
COM ;
COM ;
COM ************ INVILUPPO 2 ************ ;
GEN 0 9 2 4096 0,1 1,150 0.9,250 0.7,600 0.2,2000 0.4,3200 0.2,3600 0,4096;  
COM un picco a 150;
COM un picco a 600;
COM un picco a 3200;
COM ;
COM ************ INVILUPPO 3 ************ ; 
GEN 0 9 3 4096 0,1 0.65,50 1,204 0.3,409 0.2,1228 0.1,3000 0,4096 ;
COM un picco a 204;
COM ;
COM ;
COM ;
COM **********************************************;
COM         LINEA 1;
COM **********************************************;
COM ;
NOT 0.00   30  0.99 72 25  2 1  0 2  2 2  1  0 ;
NOT 2.00   30  0.99 72 25  2 1  0 2  2 2  1  0 ;
NOT 4.00   30  0.99 72 25  2 1  0 2  2 2  1  0 ;
NOT 6.00   30  0.99 72 25  2 1  0 2  2 2  1  0 ;
NOT 8.00   30  0.99 72 25  2 1  0 2  2 2  1  0 ;
NOT 10.00  30  0.99 72 25  2 1  0 2  2 2  1  0 ;
NOT 12.00  30  0.99 72 25  2 1  0 2  2 2  1  0 ;
NOT 14.00  30  0.99 72 25  2 1  0 2  2 2  1  0 ;
NOT 16.00  30  0.99 72 25  2 1  0 2  2 2  1  0 ;
NOT 18.00  30  0.99 72 25  2 1  0 2  2 2  1  0 ;
NOT 20.00  30  0.99 73 25  2 1  0 2  2 2  1  0 ;
NOT 22.00  30  0.99 73 25  2 1  0 2  2 2  1  0 ;
NOT 24.00  30  0.99 73 25  2 1  0 2  2 2  1  0 ;
NOT 26.00  30  0.99 73 25  2 1  0 2  2 2  1  0 ;
NOT 28.00  30  0.99 73 25  2 1  0 2  2 2  1  0 ;
NOT 30.00  30  0.99 73 25  2 1  0 2  2 2  1  0 ;
NOT 32.00  30  0.99 73 25  2 1  0 2  2 2  1  0 ;
NOT 34.00  30  0.99 73 25  2 1  0 2  2 2  1  0 ;
NOT 36.00  30  0.99 73 25  2 1  0 2  2 2  1  0 ;
NOT 38.00  30  0.99 73 25  2 1  0 2  2 2  1  0 ;
NOT 40.00  30  0.99 74 25  2 1  0 2  2 2  1  0 ;
NOT 42.00  30  0.99 74 25  2 1  0 2  2 2  1  0 ;
NOT 44.00  30  0.99 74 25  2 1  0 2  2 2  1  0 ;
NOT 46.00  30  0.99 74 25  2 1  0 2  2 2  1  0 ;
NOT 48.00  30  0.99 74 25  2 1  0 2  2 2  1  0 ;
NOT 50.00  30  0.99 74 25  2 1  0 2  2 2  1  0 ;
NOT 52.00  30  0.99 74 25  2 1  0 2  2 2  1  0 ;
NOT 54.00  30  0.99 74 25  2 1  0 2  2 2  1  0 ;
NOT 56.00  30  0.99 74 25  2 1  0 2  2 2  1  0 ;
NOT 58.00  30  0.99 74 25  2 1  0 2  2 2  1  0 ;
NOT 60.00  30  0.99 74 25  2 1  0 2  2 2  1  0 ;
NOT 62.00  30  0.99 74 25  2 1  0 2  2 2  1  0 ;
COM ;
COM **********************************************;
COM         LINEA 2;
COM **********************************************;
COM ;
COM cadenza attacchi: 1.85;
NOT 0.00   30  0.50 71 25  1 2  0 5  3 3  0  1 ;
NOT 1.85   30  0.50 71 25  1 2  0 5  3 3  0  1 ;
NOT 3.70   30  0.50 71 25  1 2  0 5  3 3  0  1 ;
NOT 5.55   30  0.50 71 25  1 2  0 5  3 3  0  1 ;
NOT 7.40   30  0.50 71 25  1 2  0 5  3 3  0  1 ;
COM cadenza attacchi: da 1.84 a 1.71 ogni due NOT;
NOT 9.24   30  0.50 71 25  1 2  0 5  3 3  0  1 ;
NOT 11.08  30  0.50 71 25  1 2  0 5  3 3  0  1 ;
NOT 12.91  30  0.50 71 25  1 2  0 5  3 3  0  1 ;
NOT 14.74  30  0.50 71 25  1 2  0 5  3 3  0  1 ;
NOT 16.56  30  0.50 71 25  1 2  0 5  3 3  0  1 ;
NOT 18.38  30  0.50 71 25  1 2  0 5  3 3  0  1 ;
NOT 20.19  30  0.50 71 25  1 2  0 5  3 3  0  1 ;
NOT 22.00  30  0.50 71 25  1 2  0 5  3 3  0  1 ;
NOT 23.80  30  0.50 71 25  1 2  0 5  3 3  0  1 ;
NOT 25.60  30  0.50 71 25  1 2  0 5  3 3  0  1 ;
NOT 27.39  30  0.50 71 25  1 2  0 5  3 3  0  1 ;
NOT 29.18  30  0.50 71 25  1 2  0 5  3 3  0  1 ;
NOT 30.96  30  0.50 71 25  1 2  0 5  3 3  0  1 ;
NOT 32.74  30  0.50 71 25  1 2  0 5  3 3  0  1 ;
NOT 34.51  30  0.50 71 25  1 2  0 5  3 3  0  1 ;
NOT 36.28  30  0.50 71 25  1 2  0 5  3 3  0  1 ;
NOT 38.04  30  0.50 71 25  1 2  0 5  3 3  0  1 ;
NOT 39.80  30  0.50 71 25  1 2  0 5  3 3  0  1 ;
NOT 41.55  30  0.50 71 25  1 2  0 5  3 3  0  1 ;
NOT 43.30  30  0.50 71 25  1 2  0 5  3 3  0  1 ;
NOT 45.04  30  0.50 71 25  1 2  0 5  3 3  0  1 ;
NOT 46.78  30  0.50 71 25  1 2  0 5  3 3  0  1 ;
NOT 48.51  30  0.50 71 25  1 2  0 5  3 3  0  1 ;
NOT 50.24  30  0.50 71 25  1 2  0 5  3 3  0  1 ;
NOT 51.96  30  0.50 71 25  1 2  0 5  3 3  0  1 ;
NOT 53.68  30  0.50 71 25  1 2  0 5  3 3  0  1 ;
NOT 55.39  30  0.50 71 25  1 2  0 5  3 3  0  1 ;
NOT 57.10  30  0.50 71 25  1 2  0 5  3 3  0  1 ;
NOT 58.80  30  0.50 71 25  1 2  0 5  3 3  0  1 ;
NOT 60.50  30  0.50 71 25  1 2  0 5  3 3  0  1 ;
NOT 62.20  30  0.50 71 25  1 2  0 5  3 3  0  1 ;
COM ;
TER 65.00;
