COM ***************************************;
COM     BASE3.PAR ;
COM     at assoluto: 0 = 284.45;
COM     durata modulo = 57.80;
COM ***************************************;
COM ;
COM ;
COM :
COM ;
CTL 0 100 0;
CTL 0 4 22050;
INS 0 30;
COM inviluppo audio;
SET P11;
OSC P5 P10 B3 F2 P19;
COM picco di deviazione;
SET P12;
OSC P9 P10 B4 F2 P20;
AD2 P8 B4 B4;
COM modulante;
SET P18;
OSC B4 P7 B4 F1 P16;
COM portante;
AD2 P6 B4 B4;
SET P17;
OSC B3 B4 B3 F1 P15;
COM balance;
MLT P13 B3 B4;
MLT P14 B3 B3;
STR B4 B3 B1;
COM ;
COM ; 
COM conversioni;
COM ;
COM ampiezza in DB; PLS 0 1 30 205;
COM frequenza in HZ; PLS 0 1 30 6;
COM modulazione di frequenza; PLS 0 1 30 30107;
COM durata inviluppi; PLS 0 1 30 110;
COM ;
COM carry automatico in G(2604);
SV2 0 3930 2604;
COM nota default;  
SV2 0 2604 16 60 440 5 1 0 3 0 0 5 1 0 127 ;
COM ;
COM forme d'onda;
COM ;
COM forma d'onda audio default, F1;
GEN 0 2 1 4096 1 1;
COM funzione inviluppo default, F2;
GEN 0 1 2 4096 1,1 .6,256 .4,3200 0,4096; 
COM ;
COM ;
COM P7  = Frequenza portante;
COM P8  = Frequenza modulante;
COM P9  = Indice di modulazione minimo;
COM P10 = Indice di modulazione massimo; 
COM P11 = Inviluppo di ampiezza; 
COM P12 = Inviluppo indice di modulazione;                           
COM ;
COM ;
COM ************ INVILUPPO 2 ************ ;
GEN 0 9 2 4096 0,1 1,150 0.9,250 0.7,600 0.2,2000 0.4,3200 0.2,3600 0,4096;  
COM un picco a 150;
COM un picco a 600;
COM un picco a 3200;
COM ;
COM ************ INVILUPPO 3 ************ ; 
GEN 0 9 3 4096 0,1 0.65,50 1,204 0.3,409 0.2,1228 0.1,3000 0,4096 ;
COM un picco a 204;
COM ;
COM ;
COM ;
COM **********************************************;
COM         LINEA 1;
COM **********************************************;
COM ;
NOT 0.00   30  0.99 74 25  2 1  0 2  2 2  1  0 ;
NOT 2.00   30  0.99 74 25  2 1  0 2  2 2  1  0 ;
NOT 4.00   30  0.99 74 25  2 1  0 2  2 2  1  0 ;
NOT 6.00   30  0.99 74 25  2 1  0 2  2 2  1  0 ;
NOT 8.00   30  0.99 74 25  2 1  0 2  2 2  1  0 ;
NOT 10.00  30  0.99 74 25  2 1  0 2  2 2  1  0 ;
NOT 12.00  30  0.99 74 25  2 1  0 2  2 2  1  0 ;
NOT 14.00  30  0.99 74 25  2 1  0 2  2 2  1  0 ;
NOT 16.00  30  0.99 74 25  2 1  0 2  2 2  1  0 ;
NOT 18.00  30  0.99 75 25  2 1  0 2  2 2  1  0 ;
NOT 20.00  30  0.99 75 25  2 1  0 2  2 2  1  0 ;
NOT 22.00  30  0.99 75 25  2 1  0 2  2 2  1  0 ;
NOT 24.00  30  0.99 75 25  2 1  0 2  2 2  1  0 ;
NOT 26.00  30  0.99 75 25  2 1  0 2  2 2  1  0 ;
NOT 28.00  30  0.99 75 25  2 1  0 2  2 2  1  0 ;
NOT 30.00  30  0.99 75 25  2 1  0 2  2 2  1  0 ;
NOT 32.00  30  0.99 75 25  2 1  0 2  2 2  1  0 ;
NOT 34.00  30  0.99 75 25  2 1  0 2  2 2  1  0 ;
NOT 36.00  30  0.99 76 25  2 1  0 2  2 2  1  0 ;
NOT 38.00  30  0.99 76 25  2 1  0 2  2 2  1  0 ;
NOT 40.00  30  0.99 76 25  2 1  0 2  2 2  1  0 ;
NOT 42.00  30  0.99 76 25  2 1  0 2  2 2  1  0 ;
NOT 44.00  30  0.99 76 25  2 1  0 2  2 2  1  0 ;
NOT 46.00  30  0.99 76 25  2 1  0 2  2 2  1  0 ;
NOT 48.00  30  0.99 76 25  2 1  0 2  2 2  1  0 ;
NOT 50.00  30  0.99 76 25  2 1  0 2  2 2  1  0 ;
NOT 52.00  30  0.99 76 25  2 1  0 2  2 2  1  0 ;
NOT 54.00  30  0.99 76 25  2 1  0 2  2 2  1  0 ;
NOT 56.00  30  0.99 76 25  2 1  0 2  2 2  1  0 ;
COM ;
COM **********************************************;
COM         LINEA 2;
COM **********************************************;
COM ;
COM cadenza attacchi: da 1.70 a 1.55 ogni due NOT;
NOT 0.00   30  0.50 72 25  1 2  0 5  3 3  0  1 ;
NOT 1.70   30  0.50 72 25  1 2  0 5  3 3  0  1 ;
NOT 3.40   30  0.50 72 25  1 2  0 5  3 3  0  1 ;
NOT 5.09   30  0.50 72 25  1 2  0 5  3 3  0  1 ;
NOT 6.78   30  0.50 72 25  1 2  0 5  3 3  0  1 ;
NOT 8.46   30  0.50 72 25  1 2  0 5  3 3  0  1 ;
NOT 10.14  30  0.50 72 25  1 2  0 5  3 3  0  1 ;
NOT 11.81  30  0.50 72 25  1 2  0 5  3 3  0  1 ;
NOT 13.48  30  0.50 72 25  1 2  0 5  3 3  0  1 ;
NOT 15.14  30  0.50 72 25  1 2  0 5  3 3  0  1 ;
NOT 16.80  30  0.50 72 25  1 2  0 5  3 3  0  1 ;
NOT 18.45  30  0.50 72 25  1 2  0 5  3 3  0  1 ;
NOT 20.10  30  0.50 72 25  1 2  0 5  3 3  0  1 ;
NOT 21.74  30  0.50 72 25  1 2  0 5  3 3  0  1 ;
NOT 23.38  30  0.50 72 25  1 2  0 5  3 3  0  1 ;
NOT 25.01  30  0.50 72 25  1 2  0 5  3 3  0  1 ;
NOT 26.64  30  0.50 72 25  1 2  0 5  3 3  0  1 ;
NOT 28.27  30  0.50 72 25  1 2  0 5  3 3  0  1 ;
NOT 29.90  30  0.50 72 25  1 2  0 5  3 3  0  1 ;
NOT 31.52  30  0.50 72 25  1 2  0 5  3 3  0  1 ;
NOT 33.14  30  0.50 72 25  1 2  0 5  3 3  0  1 ;
NOT 34.75  30  0.50 72 25  1 2  0 5  3 3  0  1 ;
NOT 36.36  30  0.50 72 25  1 2  0 5  3 3  0  1 ;
NOT 37.96  30  0.50 72 25  1 2  0 5  3 3  0  1 ;
NOT 39.56  30  0.50 72 25  1 2  0 5  3 3  0  1 ;
NOT 41.15  30  0.50 72 25  1 2  0 5  3 3  0  1 ;
NOT 42.74  30  0.50 72 25  1 2  0 5  3 3  0  1 ;
NOT 44.32  30  0.50 72 25  1 2  0 5  3 3  0  1 ;
NOT 45.90  30  0.50 72 25  1 2  0 5  3 3  0  1 ;
NOT 47.47  30  0.50 72 25  1 2  0 5  3 3  0  1 ;
NOT 49.04  30  0.50 72 25  1 2  0 5  3 3  0  1 ;
NOT 50.60  30  0.50 72 25  1 2  0 5  3 3  0  1 ;
NOT 52.16  30  0.50 72 25  1 2  0 5  3 3  0  1 ;
NOT 53.71  30  0.50 72 25  1 2  0 5  3 3  0  1 ;
NOT 55.26  30  0.50 72 25  1 2  0 5  3 3  0  1 ;
NOT 56.81  30  0.50 72 25  1 2  0 5  3 3  0  1 ;
COM ;
TER 59.00;
